157.43554865 28.461816046 0 0.91500126213 25
229.337245568 27.4164738986 0 0.671399569334 25
18.3168101286 26.6454026787 0 0.820653964851 25
277.410591277 29.2997138862 0 0.68271967884 25
107.793002795 29.9432940382 0 0.794659060288 25
74.6299234249 27.8729063702 0 0.847298110565 25
316.831300812 29.3240280169 0 0.725241013253 25
83.1433722315 28.9316902401 0 0.924156241802 25
177.462117501 28.6565439872 0 0.690488799987 25
314.109974569 26.3942901566 0 0.741740514142 25
51.7663864239 28.0680591075 0 0.664188589518 25
326.668972378 26.9544296159 0 0.650547917813 25
133.055681772 26.2339978593 0 0.85289724619 25
284.372481503 29.9999099786 0 0.896980427033 25
262.910726487 29.8116393495 0 0.883576576208 25
256.610275753 28.6110295604 0 0.797300975125 25
263.113188184 25.8873212199 0 0.720368574782 25
192.981050981 25.6730592378 0 0.876960275041 25
184.499580022 25.4753118338 0 0.675081720327 25
178.180754988 29.265047255 0 0.777145527912 25
276.308322466 27.1587528855 0 0.94470085942 25
97.4649461834 28.3741324967 0 0.700285313534 25
134.701536611 28.6202494411 0 0.883139657204 25
157.039537059 25.1599635896 0 0.829540959801 25
